99999      67.0829     -49.3845      48.0671      17.5185      159.309
      108.914
      1010.00
     0.579200     0.575000     0.567900     0.556700     0.541500     0.496900
     0.485800     0.510000     0.512500     0.514400     0.508500     0.485700
     0.140800     0.255800     0.428600     0.458000     0.413900     0.381200
     0.318200     0.192500     0.215400
99999      67.0752     -49.3876      48.0609      17.5185      159.299
      108.909
      1010.00
     0.588400     0.583400     0.575600     0.564300     0.549400     0.504600
     0.492200     0.514000     0.518200     0.518700     0.511600     0.482700
     0.141600     0.255300     0.426700     0.453900     0.406800     0.373700
     0.310700     0.186600     0.208900
99999      67.0872     -49.3709      48.0696      17.4986      159.323
      108.922
      1010.00
     0.571500     0.568900     0.559400     0.546900     0.531100     0.487200
     0.475400     0.497700     0.501300     0.502700     0.497600     0.476300
     0.139700     0.253000     0.422700     0.448400     0.406100     0.374600
     0.310600     0.188200     0.209400
99999      67.0778     -49.3866      48.0630      17.5185      159.303
      108.910
      1010.00
     0.606700     0.601900     0.597700     0.589300     0.574400     0.528300
     0.513600     0.534600     0.538900     0.539100     0.528900     0.500900
     0.145600     0.265200     0.441800     0.468700     0.421300     0.387200
     0.322500     0.193900     0.218200
99999      67.0883     -49.3474      48.0676      17.4192      159.358
      108.947
      1010.00
     0.536100     0.529700     0.516500     0.502700     0.487100     0.445900
     0.437000     0.461500     0.465300     0.467100     0.467100     0.449500
     0.132900     0.238300     0.399200     0.424000     0.381700     0.350100
     0.292300     0.175100     0.190900
99999      67.0660     -49.3681      48.0486      17.4391      159.318
      108.925
      1010.00
     0.551000     0.543700     0.533900     0.517800     0.503300     0.461100
     0.451000     0.475700     0.478700     0.480400     0.476700     0.455000
     0.133800     0.241600     0.403700     0.429300     0.385400     0.353100
     0.293900     0.176400     0.192700
99999      67.0849     -49.3357      48.0624      17.3796      159.369
      108.956
      1010.00
     0.556700     0.550600     0.540700     0.524700     0.510500     0.466500
     0.456100     0.480300     0.484700     0.485800     0.484300     0.464700
     0.136800     0.247700     0.412600     0.440700     0.399500     0.368100
     0.307000     0.185200     0.207100
99999      67.0653     -49.3565      48.0476      17.3994      159.335
      108.938
      1010.00
     0.543900     0.537000     0.523400     0.507300     0.491400     0.448600
     0.437400     0.460800     0.464700     0.465900     0.464400     0.444400
     0.130700     0.235600     0.394800     0.418900     0.378300     0.346800
     0.288100     0.174500     0.190600
99999      67.0791     -49.3268      48.0573      17.3399      159.380
      108.965
      1010.00
     0.562000     0.556300     0.545000     0.530300     0.515000     0.470600
     0.462000     0.487000     0.490600     0.492800     0.491000     0.475000
     0.140400     0.253600     0.425500     0.451500     0.412400     0.381000
     0.317300     0.194200     0.216500
99999      67.0847     -49.3719      48.0676      17.4986      159.320
      108.921
      1010.00
     0.573700     0.569700     0.561400     0.549100     0.533700     0.490400
     0.478600     0.503200     0.505500     0.506700     0.501400     0.479100
     0.141000     0.255600     0.424600     0.452300     0.409200     0.376000
     0.314000     0.189000     0.209500
99999      67.0714     -49.3301      48.0491      17.3399      159.366
      108.959
      1010.00
     0.544900     0.539200     0.526000     0.511900     0.495800     0.453700
     0.443200     0.466300     0.469800     0.471900     0.469900     0.450200
     0.133300     0.240800     0.399500     0.425700     0.383700     0.353000
     0.293400     0.178400     0.195300
99999      67.0765     -49.3279      48.0553      17.3399      159.376
      108.964
      1010.00
     0.561800     0.557000     0.545100     0.529100     0.514500     0.470600
     0.460400     0.485700     0.490100     0.490300     0.490000     0.473700
     0.139200     0.253200     0.421800     0.449200     0.409200     0.376600
     0.316000     0.192700     0.214600
99999      67.0864     -49.3587      48.0686      17.4589      159.340
      108.935
      1010.00
     0.537900     0.530300     0.517100     0.499500     0.484700     0.441700
     0.432800     0.457800     0.460900     0.463900     0.463100     0.449000
     0.133300     0.239100     0.399300     0.424700     0.385500     0.354400
     0.295400     0.178800     0.199200
99999      67.0670     -49.3435      48.0481      17.3796      159.346
      108.945
      1010.00
     0.538000     0.530000     0.516500     0.497800     0.483700     0.440000
     0.429500     0.452400     0.457800     0.459200     0.458800     0.442300
     0.130800     0.234500     0.392000     0.418300     0.378800     0.348600
     0.289800     0.175100     0.193600
99999      67.0670     -49.3435      48.0481      17.3796      159.346
      108.945
      1010.00
     0.538000     0.530000     0.516500     0.497800     0.483700     0.440000
     0.429500     0.452400     0.457800     0.459200     0.458800     0.442300
     0.130800     0.234500     0.392000     0.418300     0.378800     0.348600
     0.289800     0.175100     0.193600
99999      67.0857     -49.3484      48.0655      17.4192      159.354
      108.945
      1010.00
     0.534200     0.527900     0.516600     0.501400     0.487500     0.445700
     0.436100     0.461000     0.464200     0.465800     0.465300     0.447400
     0.131000     0.237000     0.397900     0.421900     0.378200     0.346300
     0.287600     0.173100     0.186700
99999      67.0686     -49.3675      48.0527      17.4391      159.324
      108.929
      1010.00
     0.548400     0.541000     0.529400     0.513700     0.499000     0.456600
     0.445500     0.469400     0.472600     0.474100     0.471500     0.451100
     0.132100     0.239800     0.399800     0.425000     0.382900     0.350800
     0.291600     0.175100     0.193300
99999      67.0678     -49.3551      48.0496      17.3994      159.339
      108.939
      1010.00
     0.551800     0.543800     0.531600     0.515200     0.499800     0.458200
     0.447100     0.471500     0.474000     0.475100     0.473800     0.454800
     0.135000     0.243000     0.403300     0.429900     0.389500     0.357900
     0.298300     0.179500     0.198500
99999      67.0696     -49.3422      48.0486      17.3597      159.356
      108.952
      1010.00
     0.538000     0.530000     0.516500     0.497800     0.483700     0.440000
     0.429500     0.452400     0.457800     0.459200     0.458800     0.442300
     0.130800     0.234500     0.392000     0.418300     0.378800     0.348600
     0.289800     0.175100     0.193600
99999      67.0696     -49.3422      48.0486      17.3597      159.356
      108.952
      1010.00
     0.538000     0.530000     0.516500     0.497800     0.483700     0.440000
     0.429500     0.452400     0.457800     0.459200     0.458800     0.442300
     0.130800     0.234500     0.392000     0.418300     0.378800     0.348600
     0.289800     0.175100     0.193600
99999      67.0839     -49.3600      48.0666      17.4589      159.337
      108.933
      1010.00
     0.552800     0.546700     0.537000     0.523100     0.509100     0.465400
     0.455900     0.480900     0.484900     0.487700     0.486300     0.470200
     0.137300     0.250300     0.418000     0.444800     0.403100     0.371700
     0.309200     0.186600     0.210700
99999      67.0832     -49.3496      48.0635      17.4192      159.351
      108.944
      1010.00
     0.549900     0.544500     0.535800     0.522400     0.508100     0.465900
     0.456600     0.482400     0.487100     0.487500     0.486800     0.468800
     0.138500     0.248700     0.416200     0.442500     0.399500     0.366500
     0.305200     0.183600     0.201400
99999      67.0773     -49.3392      48.0563      17.3796      159.359
      108.951
      1010.00
     0.555800     0.549400     0.537800     0.520100     0.506200     0.462800
     0.452000     0.478500     0.481600     0.483300     0.483600     0.468600
     0.139300     0.251000     0.418100     0.445500     0.409200     0.378500
     0.317700     0.191500     0.216900
99999      67.0747     -49.3403      48.0522      17.3796      159.352
      108.948
      1010.00
     0.535300     0.527600     0.512400     0.494700     0.479600     0.436400
     0.427000     0.451200     0.454400     0.455700     0.456000     0.442900
     0.131000     0.236600     0.393900     0.420000     0.381400     0.351700
     0.293800     0.177900     0.195100
